======================================================================
PILOT: consecutive-prime Artin correlation, primes <= 1e9
======================================================================

Pairs analysed: 50,847,529
P(Artin_(n+1))            = 0.373993
P(Artin_(n+1) | Artin_n)  = 0.365141
P(Artin_(n+1) | ~Artin_n) = 0.379281
delta                     = -0.014140
phi coefficient           = -0.014140
chi2 (1 df)               = 10166.7   (3.84 = 5% sig, 6.63 = 1%)
delta z-score             = -100.83

Intermediate link: Pearson r(omega_n, omega_(n+1)) = -0.041024

Mod-12 transition matrix P(m_(n+1) | m_n) [LOS bias check]:
                 1         5         7        11
     1      0.1813    0.2997    0.2637    0.2553
     5      0.2355    0.1813    0.3195    0.2637
     7      0.2636    0.2553    0.1815    0.2996
    11      0.3194    0.2638    0.2352    0.1815

By gap g = p_(n+1) - p_n:
  gap            N    P(A|A)   P(A|~A)      delta     chi2
    2    3,424,504   0.29099   0.29332   -0.00233     22.1
    4    3,424,679   0.56200   0.38121   +0.18078  97737.4
    6    6,089,791   0.40703   0.38172   +0.02531   3841.1
    8    2,695,108   0.16003   0.40859   -0.24856 195818.8
   10    3,484,767   0.44819   0.44341   +0.00477     67.2
   12    4,468,957   0.51243   0.28318   +0.22925 235063.5
   14    2,464,565   0.29767   0.29554   +0.00213     13.3
   16    1,846,097   0.29603   0.54335   -0.24733  93449.0
   18    3,351,032   0.37814   0.35868   +0.01945   1269.4
   20    1,824,043   0.00000   0.55309   -0.55309 662959.3
   22    1,569,679   0.44364   0.44727   -0.00362     17.3
   24    2,367,474   0.29475   0.41111   -0.11636  32855.0
   26    1,119,585   0.31308   0.31290   +0.00018      0.0
   28    1,219,243   0.61878   0.36605   +0.25274  65675.6
   30    2,177,991   0.38974   0.36289   +0.02685   1567.0
   32      683,896   0.17629   0.38575   -0.20946  35682.7
   34      719,531   0.44546   0.44482   +0.00064      0.3
   36    1,171,524   0.55879   0.31385   +0.24494  67572.5
   38      548,746   0.28758   0.29320   -0.00562     20.8
   40      648,780   0.89936   0.25655   +0.64281 225846.2
   42      954,456   0.38042   0.35760   +0.02283    498.3
   44      389,634   0.34409   0.24904   +0.09504   4226.2
   46      334,720   0.46923   0.46892   +0.00031      0.0
   48      577,247   0.21583   0.45356   -0.23773  33076.0
   50      328,066   0.31150   0.30660   +0.00489      9.1
   52      245,804   0.57157   0.38092   +0.19065   7527.1
   54      410,754   0.38195   0.35592   +0.02603    286.5
   56      211,462   0.22502   0.38895   -0.16393   6470.1
   58      181,948   0.43708   0.44099   -0.00390      2.3
   60      371,839   0.00000   0.59203   -0.59203 129731.6
   62      115,558   0.29168   0.29114   +0.00054      0.0
   64      118,951   0.35246   0.50263   -0.15018   2334.9
   66      216,787   0.41046   0.38638   +0.02407    121.7
   70      125,564   0.45366   0.44476   +0.00890      8.4
   72      126,663   0.25586   0.42710   -0.17124   3726.8
   78      105,313   0.39005   0.36976   +0.02029     43.0

Residual dependence after conditioning on (omega_n, omega_(n+1)):
  Summed chi2 = 218714.1 on 35 df  (cells with N>=10k; 50,819,954 pairs)
  Weighted mean residual delta = -0.010269

Residual dependence after conditioning on (pmod12_n, pmod12_(n+1)):
  Summed chi2 = 1526918.4 on 16 df  (50,847,529 pairs)
  Weighted mean residual delta = -0.008059

Saved: consecutive/pilot_results.json
DONE
